----------------------- FROM run.c -----------------------
/*

// #include <stdlib.h>
// #include <unistd.h>
// #include <time.h>

    // raw();

        // ungetch(c);
        // sleep(0);

ASCII
- = 45
| = 124
+ = 43
# = 35

-/|\-/|\-/|\, *, #, &, +, ., ^, <, >

Portals:
    (), {}, [], -/|\, #, +, 0, O, o, :, =, ?, _, ~


40x15
+--------------------------------------+
|                                      |
|  +--+ |                              |
|  |    |                              |
|  +----+                              |
|      <                               |
|  ---+ |                              |
|     | |                              |
|                                      |
|                                      |
|                                      |
|                                      |
|                                      |
|                                      |
+--------------------------------------+

########################################
#      <                               #
#  #### #                              #
#  #    #                              #
#  ######                              #
#                                      #
#                                      #
#                                      #
#                                      #
#                                      #
#                                      #
#                                      #
#                                      #
#                                      #
########################################


*/

    // const int rows = 15, cols = 40;
    // char elems[rows][cols] = {
    //     { 35,  35,  35,  35,  35,  35,  35,  35,  35,  35,  35,  35,  35,  35,  35,  35,  35,  35,  35,  35,  35,  35,  35,  35,  35,  35,  35,  35,  35,  35,  35,  35,  35,  35,  35,  35,  35,  35,  35,  35},
    //     { 35,  32,  32,  32,  32,  32,  32,  32,  32,  32,  32,  32,  32,  32,  32,  32,  32,  32,  32,  32,  32,  32,  32,  32,  32,  32,  32,  32,  32,  32,  32,  32,  32,  32,  32,  32,  32,  32,  32,  35},
    //     { 35,  32,  32,  32,  32,  32,  32,  32,  32,  32,  32,  32,  32,  32,  32,  32,  32,  32,  32,  32,  32,  32,  32,  32,  32,  32,  32,  32,  32,  32,  32,  32,  32,  32,  32,  32,  32,  32,  32,  35},
    //     { 35,  32,  32,  32,  32,  32,  32,  32,  32,  32,  32,  32,  32,  32,  32,  32,  32,  32,  32,  32,  32,  32,  32,  32,  32,  32,  32,  32,  32,  32,  32,  32,  32,  32,  32,  32,  32,  32,  32,  35},
    //     { 35,  32,  32,  32,  32,  32,  32,  32,  32,  32,  32,  32,  32,  32,  32,  32,  32,  32,  32,  32,  32,  32,  32,  32,  32,  32,  32,  32,  32,  32,  32,  32,  32,  32,  32,  32,  32,  32,  32,  35},
    //     { 35,  32,  32,  32,  32,  32,  32,  32,  32,  32,  32,  32,  32,  32,  32,  32,  32,  32,  32,  32,  32,  32,  32,  32,  32,  32,  32,  32,  32,  32,  32,  32,  32,  32,  32,  32,  32,  32,  32,  35},
    //     { 35,  32,  32,  32,  32,  32,  32,  32,  32,  32,  32,  32,  32,  32,  32,  32,  32,  32,  32,  32,  32,  32,  32,  32,  32,  32,  32,  32,  32,  32,  32,  32,  32,  32,  32,  32,  32,  32,  32,  35},
    //     { 35,  32,  32,  32,  32,  32,  32,  32,  32,  32,  32,  32,  32,  32,  32,  32,  32,  32,  32,  32,  32,  32,  32,  32,  32,  32,  32,  32,  32,  32,  32,  32,  32,  32,  32,  32,  32,  32,  32,  35},
    //     { 35,  32,  32,  32,  32,  32,  32,  32,  32,  32,  32,  32,  32,  32,  32,  32,  32,  32,  32,  32,  32,  32,  32,  32,  32,  32,  32,  32,  32,  32,  32,  32,  32,  32,  32,  32,  32,  32,  32,  35},
    //     { 35,  32,  32,  32,  32,  32,  32,  32,  32,  32,  32,  32,  32,  32,  32,  32,  32,  32,  32,  32,  32,  32,  32,  32,  32,  32,  32,  32,  32,  32,  32,  32,  32,  32,  32,  32,  32,  32,  32,  35},
    //     { 35,  32,  32,  32,  32,  32,  32,  32,  32,  32,  32,  32,  32,  32,  32,  32,  32,  32,  32,  32,  32,  32,  32,  32,  32,  32,  32,  32,  32,  32,  32,  32,  32,  32,  32,  32,  32,  32,  32,  35},
    //     { 35,  32,  32,  32,  32,  32,  32,  32,  32,  32,  32,  32,  32,  32,  32,  32,  32,  32,  32,  32,  32,  32,  32,  32,  32,  32,  32,  32,  32,  32,  32,  32,  32,  32,  32,  32,  32,  32,  32,  35},
    //     { 35,  32,  32,  32,  32,  32,  32,  32,  32,  32,  32,  32,  32,  32,  32,  32,  32,  32,  32,  32,  32,  32,  32,  32,  32,  32,  32,  32,  32,  32,  32,  32,  32,  32,  32,  32,  32,  32,  32,  35},
    //     { 35,  32,  32,  32,  32,  32,  32,  32,  32,  32,  32,  32,  32,  32,  32,  32,  32,  32,  32,  32,  32,  32,  32,  32,  32,  32,  32,  32,  32,  32,  32,  32,  32,  32,  32,  32,  32,  32,  32,  35},
    //     { 35,  35,  35,  35,  35,  35,  35,  35,  35,  35,  35,  35,  35,  35,  35,  35,  35,  35,  35,  35,  35,  35,  35,  35,  35,  35,  35,  35,  35,  35,  35,  35,  35,  35,  35,  35,  35,  35,  35,  35}
    // };




--------------------- FROM loadMap.c ---------------------

// int main() {
//     int rows = 5, cols = 5;
//     char* map = malloc(sizeof(char) * rows * cols);
//     map = loadMap(map, rows, cols, 1);
    
//     for(int r = 0; r < rows; r++) {
//         for(int c = 0; c < cols; c++) {
//             printf("%c", map[cols*r+c]);
//         }
//         // printf("\n");
//     }
//     printf("\n");
// }